2	79.00
2	79.00
2	18.00
2	14.00
2	14.00
2	17.00
2	54.00
2	17.00
2	78.00
2	66.00

1	14.00
2	14.00
3	17.00
4	17.00
5	18.00
6	54.00
7	66.00
8	78.00
9	79.00
10	79.00



4	45.00
4	58.00
4	19.00
4	21.00
4	20.00
4	16.00
4	10.00
4	76.00
4	13.00
4	23.00

1	10.00
2	13.00
3	16.00
4	19.00
5	20.00
6	21.00
7	23.00	
8	45.00
9	58.00
10	76.00


6	22.00
6	74.00
6	14.00
6	43.00
6	10.00
6	9.00
6	47.00
6	82.00
6	76.00
6	52.00

1	9.00
2	10.00
3	14.00
4	22.00
5	43.00
6	47.00
7	52.00
8	74.00
9	76.00
10	82.00


8	36.00
8	81.00
8	65.00
8	63.00
8	75.00
8	66.00
8	78.00
8	12.00
8	11.00
8	15.00
